Lazarus lived for 10 minutes
Start: 2025-08-17 08:27:04.930378
End: 2025-08-17 08:37:06.268173
Pulses: 21
